29.03389999999999
29.264899999999994
29.38169999999999
11.191300000000002
5.2752
6.770599999999999
6.967400000000001
6.9979
7.0088
7.482199999999999
8.081299999999999
8.0253
8.013499999999999
7.9802
7.9052999999999995
7.8142
7.6921
7.5471
7.415899999999998
7.264000000000001
7.129599999999999
7.0302999999999995
6.980900000000002
6.954199999999999
6.950099999999999
6.9375
6.957199999999999
6.9617
6.9857000000000005
6.9823
6.993700000000001
7.006299999999999
7.0133
7.0245
7.0443
7.0587
7.057500000000001
7.0752999999999995
7.0813000000000015
7.094600000000001
7.1042000000000005
7.1089
7.1194999999999995
7.133299999999999
7.1413
7.146399999999999
7.1682
7.169699999999998
7.1854000000000005
7.200900000000001
7.2083
7.219399999999999
7.2311999999999985
7.243500000000001
7.245300000000002
7.2593000000000005
7.258500000000001
7.2730999999999995
7.287499999999999
7.311700000000001
7.4018999999999995
7.3979
7.374100000000001
7.3744
7.367399999999999
7.3672
7.3638
7.3696
7.386199999999999
7.3865
7.397199999999999
7.401400000000001
7.403599999999999
7.4171
7.4235000000000015
7.434000000000001
7.442800000000002
7.4533
7.4498
7.431399999999999
7.396600000000001
7.3633000000000015
7.3408000000000015
7.3344000000000005
7.339400000000001
7.3417
7.3546000000000005
7.347300000000002
7.365600000000001
7.365900000000002
7.382700000000001
7.3858999999999995
7.386700000000001
7.3887
7.4056999999999995
7.409199999999999
7.422199999999998
7.426599999999999
7.437199999999999
7.4373000000000005
7.393900000000001
7.373700000000001
7.357800000000001
7.352799999999999
7.346900000000001
7.339800000000001
7.330199999999999
7.341299999999999
7.3439999999999985
7.378000000000001
7.462200000000001
7.461300000000001
7.4517999999999995
7.437599999999999
7.436099999999999
7.426799999999998
7.4289
7.4315
7.443699999999999
7.4579
7.458499999999999
7.442300000000001
7.4085
7.383900000000001
7.3717999999999995
7.378600000000001
7.3771
7.386500000000001
7.389899999999999
7.4037
7.408999999999999
7.410899999999999
7.428599999999999
7.431700000000001
7.453
7.460600000000002
7.471900000000001
7.4842
7.5032
7.509600000000001
7.512899999999998
7.529299999999998
7.5312
7.5219
7.467299999999999
7.396000000000002
7.322299999999999
7.274399999999999
7.235700000000001
7.209199999999999
7.1874
7.185300000000001
7.189500000000001
7.1941999999999995
7.232699999999998
7.2544
7.271599999999999
7.284800000000001
7.2989
7.311200000000001
7.3438
7.4186000000000005
7.416199999999999
7.4102999999999986
7.4117
7.407100000000001
7.429999999999999
7.421999999999998
7.4401
7.4415
7.447800000000001
7.427099999999999
7.401099999999999
7.3690999999999995
7.3422
7.3433
7.345
7.345700000000002
7.3511000000000015
7.356999999999999
7.3729
7.3809000000000005
7.3918
7.409300000000001
7.4162
7.4392
7.446000000000001
7.4649
7.476800000000001
7.481600000000001
7.4841
7.428000000000001
7.358799999999998
7.2856
7.2288000000000014
7.192700000000001
7.1725
7.154299999999999
7.150500000000001
7.161600000000001
7.1748
7.183600000000002
7.201300000000001
7.209499999999999
7.257100000000001
7.2637
7.283599999999999
7.2994
7.310600000000001
7.325799999999998
7.350600000000001
7.444299999999999
7.432299999999998
7.436700000000001
7.439400000000003
7.439099999999999
7.445800000000002
7.4508
7.465200000000002
7.475899999999999
7.4692
7.441499999999999
7.386
7.340699999999999
7.301900000000001
7.2707000000000015
7.265
7.256900000000001
7.263299999999999
7.2730000000000015
7.2787000000000015
7.2957
7.303
7.3213
7.3355
7.344000000000001
7.3511
7.3668
7.3825
7.3958
7.412100000000001
7.4223
7.434
7.447800000000001
7.4683
7.481400000000001
7.4973
7.507000000000001
7.520899999999999
7.5048
7.4616
7.388900000000001
7.323899999999998
7.232900000000001
6.997500000000001
6.979700000000001
6.9670000000000005
6.972600000000001
6.970600000000001
6.986200000000001
6.995900000000002
7.096
7.097600000000001
7.0975
7.099600000000001
7.099399999999999
7.101999999999999
7.111100000000001
7.1263
7.1382
7.151700000000001
7.163800000000001
7.175400000000001
7.1918999999999995
7.196300000000001
7.215199999999999
7.235399999999999
7.244300000000001
7.2638
7.28
7.2959000000000005
7.3181
7.3298999999999985
7.3368
7.3624
7.375799999999999
7.384100000000001
7.4002
7.4119
7.4319999999999995
7.445000000000002
7.4634
7.481900000000001
7.494400000000001
7.512800000000001
7.5225
7.5092
7.4687
7.4069
7.345400000000001
7.2923
7.2505
7.2125
7.1721
7.175699999999999
7.1835
7.191999999999999
7.210800000000001
7.224100000000001
7.232900000000001
7.246200000000001
7.350600000000001
7.3552
7.347400000000001
7.3663
7.357199999999999
7.3646
7.3821
7.3931
7.4089
7.410000000000001
7.422900000000001
7.4262
7.4546
7.4587
7.477099999999999
7.481100000000001
7.4586000000000015
7.3976
7.349599999999999
7.309200000000001
7.273199999999999
7.258699999999999
7.2520999999999995
7.2401
7.2546
7.268199999999999
7.2756
7.2874
7.3074
7.315500000000001
7.3427999999999995
7.3564
7.3739
7.384999999999999
7.408699999999999
7.421799999999999
7.442400000000003
7.461000000000001
7.478400000000001
7.4949
7.5062
7.514800000000001
7.522200000000001
7.491100000000001
7.469600000000001
28.103199999999994
7.205400000000001
7.166900000000001
7.146099999999999
7.1414
7.163100000000001
7.228900000000001
7.224899999999999
7.225900000000001
7.2313
7.2434
7.251000000000001
7.258800000000001
7.269100000000002
7.2852
7.300700000000001
7.311999999999999
7.3184
7.335
7.3660000000000005
7.368700000000001
7.3873
7.4023
7.428000000000001
7.4422000000000015
7.464999999999999
7.4676
7.438800000000002
7.396600000000001
7.345999999999999
7.3222000000000005
7.308900000000001
7.3071
7.318499999999998
7.3287
7.347
7.3618999999999994
7.382599999999997
7.3947
7.390099999999999
7.360300000000002
7.3828000000000005
7.3901
7.386799999999999
7.379100000000002
7.3859
7.384500000000002
7.3843000000000005
7.3836
7.388000000000001
7.3922
7.396
7.402799999999998
7.404
7.4346000000000005
7.484900000000001
7.465100000000001
7.4464
7.4251999999999985
7.386400000000001
7.348899999999999
7.3353
7.3173
7.283099999999999
7.2677
7.259699999999998
7.242999999999999
7.2407
7.239000000000001
7.247999999999999
7.2490000000000006
7.249099999999999
7.256900000000001
7.2643
7.278599999999999
7.274500000000001
7.2762
7.2802
7.292600000000001
7.2936000000000005
7.302299999999999
7.298599999999998
7.306399999999999
7.318800000000001
7.3168999999999995
7.3206999999999995
7.326999999999998
7.3264
7.335000000000001
7.3382
7.339700000000001
7.3445
7.351199999999999
7.3504000000000005
7.351700000000001
7.3568999999999996
7.3688
7.375699999999999
7.3821
7.3839
7.3886
7.3849
7.3903
7.3946
7.393399999999999
7.445500000000001
7.4828
7.4648
7.463299999999999
7.454500000000001
7.444000000000001
7.4419
7.448099999999998
7.444100000000001
7.447600000000001
7.453200000000001
7.4546
7.4456999999999995
7.442600000000001
7.443900000000001
7.452399999999999
7.4461
7.4525000000000015
7.452100000000001
7.449
7.453699999999999
7.452299999999999
7.452499999999999
7.455599999999999
7.427099999999999
7.389600000000001
7.3613
7.3414
7.326600000000001
7.317599999999999
7.310999999999999
7.312499999999999
7.310700000000001
7.31
7.313399999999999
7.312099999999999
7.3186
7.3252
7.324400000000001
7.3284
7.3302
7.335400000000001
7.3374000000000015
7.3406
7.3523000000000005
34.49060000000001
7.358800000000001
7.3646
7.3661
7.369300000000001
7.4152
7.463000000000001
7.4447
7.4407
7.435399999999999
7.434599999999998
7.4359
7.4332
7.430099999999999
7.4313
7.4329
7.4313
7.421299999999999
7.4254
7.437200000000001
7.4347
7.4369999999999985
7.445199999999999
7.4437
7.4116
7.3768
7.3503
7.332799999999997
7.312799999999999
7.316499999999999
7.3019
7.298799999999999
7.3055
7.312900000000001
7.3135
7.312200000000002
7.3167
7.321899999999999
7.324300000000002
7.3325
7.332000000000001
7.338400000000002
7.3378
7.342100000000001
7.352099999999999
7.351600000000001
7.353900000000001
7.3619
7.369800000000001
7.379599999999999
7.3806
7.392800000000002
7.389499999999999
7.3946000000000005
7.3942
7.477500000000001
7.473800000000001
7.466500000000001
7.4666
7.458400000000001
7.4529
7.444300000000002
7.449099999999999
7.4567
7.4489
7.457000000000001
7.441999999999999
7.446899999999999
7.453300000000001
7.449200000000001
7.452399999999999
7.4571
7.4605999999999995
7.4563000000000015
7.433
7.394499999999999
7.3403
7.2986
7.261099999999999
7.2372000000000005
7.2336
7.222
7.214500000000002
7.209600000000003
7.215300000000001
7.220900000000001
7.2241
7.225
7.2321
7.2423
7.243800000000001
7.248499999999999
7.249700000000001
7.2631000000000006
7.260599999999999
7.2715
7.280399999999999
7.283599999999999
7.2890999999999995
7.290799999999999
7.3027
7.3141
7.323199999999999
7.328599999999999
7.376500000000001
7.415799999999999
7.415
7.401700000000001
7.400100000000002
7.395499999999999
7.395599999999999
7.390700000000001
7.3933
7.391599999999999
7.3923000000000005
7.400900000000002
7.390300000000002
7.3948
7.396800000000001
7.404299999999998
7.4067
7.4102
7.4144000000000005
7.413799999999998
7.422300000000002
7.422399999999999
7.4277
7.428599999999999
7.430800000000001
7.431700000000002
7.434500000000001
7.4351
7.439499999999999
7.4435
7.442500000000001
7.4446
7.4453
7.4511
7.453099999999999
7.4617
7.457800000000001
7.4623
7.4682
7.468499999999999
7.468400000000002
7.472
7.481999999999999
7.481200000000001
7.4849
7.3118
7.261800000000001
7.232400000000001
7.2166
7.201499999999999
7.204
7.2802
7.2633
7.250800000000001
7.2395000000000005
7.238600000000002
7.228300000000002
7.222899999999998
7.225499999999999
7.224600000000001
7.225100000000001
7.219899999999999
7.2197000000000005
7.214699999999999
7.213899999999999
7.221100000000002
7.223100000000001
7.2346
7.2369
7.2411
7.239699999999999
7.2478
7.2555999999999985
7.261300000000001
7.270999999999999
7.271
7.273299999999999
7.291900000000001
209.35369999999995
7.891399999999999
7.879300000000001
7.8687000000000005
7.847899999999999
7.813900000000001
7.716299999999999
7.603000000000001
7.516399999999999
7.422000000000001
7.338599999999999
7.2682
7.221799999999999
7.1686999999999985
7.143199999999999
7.1227
7.0889
7.102300000000001
7.0893999999999995
7.090299999999998
7.098199999999999
7.1085
7.114299999999999
7.121699999999999
7.1373
7.148
7.167800000000001
7.174299999999999
7.196000000000001
7.2033000000000005
7.2061
7.223000000000002
7.2363
7.2469
7.2829
7.292599999999998
7.300699999999999
7.3222000000000005
7.3389999999999995
7.3549
7.377699999999999
7.392
7.4007999999999985
7.4293
7.4421
7.448099999999999
7.474599999999998
7.469499999999999
7.470699999999998
7.439400000000001
7.450799999999999
7.4712999999999985
7.435200000000002
7.4134
7.389099999999998
7.368299999999998
7.3762
7.3599
7.3805999999999985
7.3892
7.406499999999999
7.424899999999999
7.4447
7.4534
7.4457
7.432300000000001
7.416799999999999
7.4046
7.399199999999999
7.4072000000000005
7.424199999999998
7.4343
7.452100000000001
7.472899999999999
7.481499999999999
7.500500000000001
7.510599999999999
7.4796000000000005
7.409500000000001
7.3437
7.292999999999998
7.256900000000001
7.240000000000001
7.2315999999999985
7.2265
7.2292
7.232
7.2402
7.256999999999998
7.271699999999998
7.2822
7.3027999999999995
7.327099999999999
7.350999999999998
7.3644
7.383499999999999
7.415400000000001
7.4326
7.459
7.470700000000001
7.5527
7.6084000000000005
7.600499999999999
7.593499999999998
7.5661999999999985
7.532900000000001
7.4501
7.3827
7.3424000000000005
7.318099999999999
7.296400000000001
7.281299999999999
7.278099999999999
7.2814999999999985
7.3035000000000005
7.310000000000001
7.3171
7.348699999999999
7.3736
7.3804
7.4013
7.427999999999998
7.436700000000001
7.461300000000001
7.485499999999998
7.5013
7.528699999999999
7.508399999999999
7.481700000000001
7.450900000000002
7.432600000000001
7.414999999999999
7.435799999999998
7.446000000000001
7.473399999999999
7.493500000000001
7.517099999999999
7.5291999999999994
7.520700000000001
7.477800000000001
7.4397
7.401499999999999
7.376199999999999
7.368100000000001
7.3647
7.365100000000002
7.374
7.392900000000001
7.407800000000001
7.4248
7.4937000000000005
7.5541
7.546800000000001
7.532099999999999
7.4995
7.4897
7.4773000000000005
7.4605999999999995
7.4273
7.3892999999999995
7.388299999999999
7.3721
7.375
7.3795
7.3854999999999995
7.394600000000001
7.415299999999999
7.435899999999999
7.4632000000000005
7.497199999999999
7.512200000000002
7.5062
7.500800000000001
7.478200000000002
7.464700000000001
7.422399999999999
7.409999999999999
7.406799999999999
7.396499999999999
7.3974
7.415
7.430400000000001
7.453100000000002
7.4875
7.495900000000001
7.4982
7.492600000000001
7.4548000000000005
7.449199999999999
7.445899999999999
7.450899999999999
7.453499999999999
7.4625
7.445099999999999
7.4418999999999995
7.4139
7.3834
7.3514
7.3530999999999995
7.339999999999999
7.394000000000001
7.458100000000002
7.454199999999998
7.439499999999998
7.4439
7.456900000000001
7.465300000000001
7.4753
7.4836
7.462899999999999
7.456900000000001
7.456200000000003
7.463200000000001
7.468900000000001
7.4826
7.499200000000001
7.511800000000001
7.5520000000000005
7.5508999999999995
7.5786
7.572800000000001
7.536099999999999
7.4626
7.3913
7.335599999999999
7.302299999999999
7.282
7.279300000000001
7.276299999999999
7.285100000000001
7.293499999999999
7.3157000000000005
7.336500000000001
7.3599
7.3931000000000004
7.4117
7.431500000000001
7.449
7.431199999999999
7.415299999999999
7.425000000000001
7.407399999999999
7.4136000000000015
7.4380999999999995
7.4674999999999985
7.4803
7.5103
7.5223
7.5191
7.455
7.425600000000002
7.424899999999997
7.369299999999998
7.315200000000001
7.275799999999999
7.243199999999999
7.225599999999998
7.220700000000001
7.2326999999999995
7.229100000000001
7.250299999999999
7.2739
7.3004
7.327800000000001
7.3584000000000005
7.381900000000001
7.4079
7.435100000000001
7.4587
7.4765
7.506799999999999
7.521300000000001
7.519400000000001
7.4912
7.447800000000001
7.4167
7.388299999999999
7.388000000000001
7.3894
7.396100000000001
7.4249
7.4407999999999985
7.470899999999998
7.491999999999998
7.519499999999999
7.5390999999999995
7.5417000000000005
7.4857000000000005
7.4025
7.3366
7.279799999999999
7.257000000000001
7.255900000000001
7.2446
7.254000000000001
7.276
7.2841
7.3053
7.3287
7.348000000000001
7.4003
7.474500000000001
7.4673
7.4774
7.4694
7.481400000000001
7.458599999999999
7.426099999999999
7.3946000000000005
7.334199999999998
7.2909999999999995
7.272099999999999
7.272300000000001
7.2757
7.2752
7.2959000000000005
7.3208
7.347899999999999
7.371600000000001
7.388000000000002
7.425099999999999
7.461900000000001
7.478700000000001
7.511900000000001
7.5361
7.561800000000001
7.551199999999999
7.4969
7.4326
7.378299999999999
7.341899999999998
7.323300000000001
7.3214
7.3184
7.318100000000002
7.3186
7.345600000000001
7.3746
7.3914
7.420799999999999
7.445200000000001
7.473299999999999
7.5059
7.5142999999999995
7.507599999999997
7.456600000000001
7.4401
7.416900000000001
7.3991999999999996
7.407200000000001
7.4528
7.51
7.509600000000002
7.488499999999999
7.469100000000001
7.4549
7.4401
7.4399
7.4551
7.473400000000002
7.4993
7.5097000000000005
7.505700000000001
7.498000000000001
7.4738
7.4388
7.4023
7.367900000000001
7.348900000000002
7.3532
7.361600000000001
7.371399999999999
7.3814
7.413499999999999
7.434099999999998
7.4617
7.493700000000001
7.506899999999999
7.5503
7.552299999999998
7.515899999999999
7.459999999999997
7.402100000000001
7.354
7.342500000000002
7.3366
7.336000000000001
7.349399999999999
7.3691
7.391500000000001
7.4136000000000015
7.421099999999999
7.4387
7.430700000000001
7.4243999999999994
7.433699999999998
7.451600000000001
7.471100000000002
7.5024
7.516299999999998
7.583599999999999
7.6434000000000015
7.6026
7.532399999999999
7.458800000000001
7.398299999999999
7.320099999999999
7.2814
7.2489
7.239900000000002
7.2476
7.2485
7.2693
7.289599999999999
7.327600000000001
7.3538000000000014
7.3746
7.4185
7.454200000000001
7.4817
7.5004
7.4918000000000005
7.49
7.479399999999999
7.439799999999999
7.369000000000001
7.316800000000001
7.293100000000001
7.270999999999999
7.277799999999998
7.2912
7.300699999999998
7.3231
7.347
7.379100000000001
7.4111
7.450799999999999
7.4807
7.5151
7.5493999999999994
7.541800000000002
7.500899999999999
7.4376
7.385
7.331899999999999
7.3138999999999985
7.315600000000001
7.3147
7.3233000000000015
7.340100000000001
7.407900000000001
7.477100000000002
7.4762
7.4682
7.479199999999999
7.479
7.500199999999999
7.517799999999999
7.499100000000001
7.446600000000001
7.4138
7.3805000000000005
7.3724
7.3658
7.376300000000001
7.392899999999998
7.411399999999999
7.438500000000001
7.4721
7.4700000000000015
7.470600000000001
7.4856
7.4919
7.484899999999999
7.4688000000000025
7.4423
7.410300000000001
7.403099999999999
7.4022000000000014
7.414400000000001
7.4207
7.4543
7.486600000000001
7.515800000000001
7.5544
7.5581000000000005
7.549699999999998
7.4899000000000004
7.4344
7.3779
7.357800000000002
7.3420999999999985
7.354200000000002
7.3685
7.388
7.4223
7.441999999999998
7.484600000000001
7.526099999999999
7.5504999999999995
7.595599999999999
7.6256
7.5733000000000015
7.504499999999999
7.446999999999999
7.37
7.315499999999999
7.278999999999999
7.2772000000000014
7.276499999999999
7.282599999999999
7.2966
7.3356
7.354400000000001
7.3728
7.397200000000001
7.4300999999999995
7.459599999999999
7.501300000000001
7.528900000000001
7.5751
7.5953
7.580499999999998
7.510900000000001
7.449199999999999
7.376599999999999
7.3576000000000015
7.3462999999999985
7.3563
7.372600000000001
7.395500000000002
7.414799999999999
7.448
7.476400000000001
7.4979
7.5009000000000015
7.498200000000001
7.4975
7.5141
7.509100000000001
7.5056
7.483300000000001
7.461299999999999
7.4496
7.446500000000001
7.4495000000000005
7.4704999999999995
7.486299999999999
7.503000000000001
7.519499999999999
7.5647
7.625900000000001
7.6103
7.5873
7.5442
7.4975
7.443600000000001
7.409400000000001
7.388400000000002
7.3848
7.399500000000001
7.413200000000002
7.4382
7.459300000000001
7.480900000000002
7.5011
7.4897
7.460599999999999
7.396899999999999
7.3483
7.3256
7.323099999999999
7.3252999999999995
7.3339
7.363300000000001
7.372900000000002
7.391
7.4198
7.446600000000001
7.474700000000001
7.476400000000001
7.468299999999999
7.420300000000001
7.396599999999999
7.3824000000000005
7.3757
7.377499999999999
7.391499999999999
7.4136
7.442399999999999
7.463799999999997
7.500699999999999
7.530899999999999
7.5404
7.501
7.425700000000001
7.3613
7.315499999999999
7.293800000000001
7.280200000000001
7.329000000000001
7.393000000000002
7.3831999999999995
7.3892
7.385699999999999
7.393700000000001
7.392499999999999
7.4221
7.440800000000001
7.468
7.5036999999999985
7.5375
7.566600000000001
7.562
7.5247
7.464800000000001
7.3957
7.3809
7.365
7.361299999999999
7.377000000000002
7.3839999999999995
7.404299999999998
7.422
7.453200000000002
7.438800000000001
7.4451
7.4543
7.460099999999999
7.4670000000000005
7.5009999999999994
7.518899999999999
7.5246
7.484899999999999
7.397300000000001
7.336899999999999
7.2802
7.251000000000001
7.2317
7.2271
7.216099999999999
7.223299999999999
7.230000000000001
7.2512
7.244800000000001
7.2574000000000005
7.263400000000001
7.2778
7.278900000000001
7.285200000000001
7.3302
7.380299999999998
7.3866999999999985
7.378500000000002
7.3644
7.360999999999999
7.3578
7.3645
7.369300000000002
7.3733
7.3776
7.3903
7.3936
7.408100000000001
7.4149
7.4205000000000005
7.430599999999999
7.4483000000000015
7.443200000000001
7.456
7.4595
7.475200000000002
7.488599999999999
7.483700000000002
7.4662000000000015
7.4421
7.418900000000001
7.465200000000001
7.475
7.5525
13.237400000000004
8.906
8.9009
8.859399999999999
8.844
8.8795
8.8572
8.8267
8.7651
8.6707
8.559
8.477300000000001
8.3703
8.240400000000001
8.118299999999998
8.0224
7.9862
7.915500000000001
7.7955
7.674200000000002
7.5646
7.4742999999999995
7.416
7.3975
7.3980999999999995
7.417599999999998
7.4351
7.4655000000000005
7.5013
7.5279
7.532799999999998
7.5123
7.4627
7.4313
7.4177
7.4276
7.4439
7.470599999999999
7.500300000000001
7.5329999999999995
7.568
7.5806
7.563599999999999
7.544900000000001
7.506500000000001
7.452699999999998
7.388300000000002
7.326399999999999
7.273399999999999
7.3081
7.347899999999999
7.3775
7.419599999999999
7.464099999999999
7.503399999999999
7.5356000000000005
7.619599999999999
7.617400000000001
7.590699999999998
7.570399999999999
7.5337
7.491300000000001
7.4535
7.442600000000001
7.4275
7.4343
7.4486
7.459600000000002
7.493899999999999
7.517300000000001
7.501899999999999
7.493099999999999
7.4902
7.500800000000001
7.498000000000001
7.4788999999999985
7.491400000000001
7.4847
7.4944
7.493800000000001
7.506500000000001
7.524400000000002
7.5432
7.5599
7.5532
7.531999999999999
7.481200000000001
7.437099999999999
7.397800000000001
7.3723
7.3638
7.377700000000001
7.3915
7.417700000000001
7.447100000000001
7.484100000000001
7.530000000000001
7.5745
7.601700000000002
7.544500000000002
7.4864999999999995
7.4441
7.4175
7.427099999999999
7.4437
7.486500000000001
7.5972
7.6049
7.597499999999999
7.570999999999999
7.5361
7.4996
7.453
7.4143
7.414800000000001
7.414899999999999
7.427500000000001
7.437399999999999
7.462900000000001
7.485999999999999
7.5049
7.514500000000001
7.519399999999999
7.5072
7.4584
7.4364
7.4289
7.431000000000001
7.4572
7.4892
7.5245
7.557199999999999
7.5565
7.5246
7.481700000000001
7.4392000000000005
7.3898
7.384799999999999
7.3921
7.411899999999998
7.435499999999999
7.467500000000001
7.4935
7.530799999999999
7.563299999999998
7.5554
7.528899999999998
7.498900000000001
7.3436
7.283200000000001
7.2988
7.320500000000001
7.3525
7.3854999999999995
7.420200000000002
7.463100000000001
7.5790999999999995
7.625299999999999
7.640599999999999
7.6309
7.619299999999999
7.588399999999998
7.549200000000001
7.498699999999999
7.4683
7.4437999999999995
7.4228
7.4284
7.432100000000002
7.4692
7.495699999999999
7.505999999999999
7.483199999999999
7.472600000000001
7.483599999999999
7.506399999999998
7.5415
7.5760000000000005
7.6080000000000005
7.6228
7.615800000000002
7.596999999999998
7.5855
7.5691
7.550799999999999
7.5358
7.514099999999998
7.511200000000001
7.5026
7.487
7.479399999999998
7.4803999999999995
7.4891
7.4945
7.4909
7.4874
7.5014
7.5224
7.552999999999998
7.578900000000001
7.605200000000001
7.611700000000001
7.5788
7.5522
7.512199999999999
7.501300000000001
7.539599999999999
7.5116999999999985
7.485499999999998
7.473200000000002
7.456100000000001
7.4538
7.4650000000000025
7.463499999999999
7.464900000000001
7.4894
7.492999999999999
7.512900000000002
7.525399999999999
7.535999999999999
7.553999999999999
7.5548
7.553
7.547000000000001
7.541600000000001
7.5378
7.5375
7.533200000000001
7.5432
7.5517
7.549000000000001
7.550700000000001
7.537099999999999
7.522900000000001
7.5048
7.4842
7.4609000000000005
7.432600000000001
7.4108
7.3949
7.3877999999999995
7.388399999999999
7.3948
7.402099999999998
7.425
7.4423
7.475
7.5056
7.537499999999998
7.5802
7.7506
7.7812
7.792600000000001
7.8113
7.8145999999999995
7.820999999999999
7.9002
7.8658
7.8521
7.827300000000001
7.8085
7.780899999999999
7.751100000000001
7.7143
7.6836
7.650899999999999
7.601600000000001
7.5533
7.4969
7.4314
7.3889
7.3335
7.305599999999999
7.287800000000001
7.287899999999997
7.2951
7.323199999999999
7.341400000000001
7.367000000000001
7.400399999999999
7.4348
7.472899999999999
7.511199999999999
7.545699999999999
7.592299999999998
7.6286000000000005
7.661999999999999
7.6897
7.7151999999999985
7.732000000000002
7.7462
7.7625
7.773200000000002
7.756900000000001
7.6282000000000005
7.3887
7.2846
7.252999999999999
7.2600999999999996
7.282400000000001
7.331200000000001
7.3836
7.4947
7.581799999999999
7.594599999999999
7.619199999999999
7.641700000000001
7.6004
7.563799999999999
7.517299999999999
7.466400000000001
7.449800000000002
7.440499999999999
7.4546
7.4744
7.497700000000001
7.518799999999999
7.5303
7.4986
7.4956
7.527
7.554600000000001
7.568
7.5449
7.538200000000001
7.536000000000001
7.525799999999999
7.5014
7.473399999999999
7.4886
7.4963
7.473
7.4685000000000015
7.469499999999999
7.465900000000001
7.4857000000000005
7.5147
7.5455
7.544399999999999
7.5351
7.5153
7.4715
7.436199999999999
7.4315
7.4528
7.4662
7.469300000000001
7.4906
7.525399999999999
7.5749
7.641200000000001
7.606
7.563300000000001
7.5143
7.460899999999998
7.4441
7.512899999999999
7.517600000000001
7.511500000000001
7.4872000000000005
7.478900000000001
7.4677000000000024
7.467999999999998
7.483299999999999
7.482
7.504699999999999
7.524899999999998
7.536299999999999
7.5302999999999995
7.5132
7.500900000000001
7.4864999999999995
7.4801
7.495799999999999
7.4946
7.4838
7.4891000000000005
7.5039
7.502999999999999
7.511699999999999
7.529799999999998
7.547599999999999
7.5492
7.5098
7.4653
7.4363
7.4105
7.4232
7.446100000000001
7.484100000000001
7.5176
7.559799999999999
7.5993
7.600899999999999
7.598199999999999
7.579699999999999
7.5506
7.518399999999999
7.443100000000002
7.3325
7.329099999999999
7.3505
7.3723
7.4094
7.447
7.4841999999999995
7.6019
7.620900000000001
7.5983
7.580699999999997
7.5499
7.515999999999999
7.492000000000002
7.483600000000001
7.4762
7.483599999999999
7.490200000000001
7.4969
7.4875
7.455699999999999
7.4537
7.452400000000001
7.4609000000000005
7.448200000000001
7.450700000000001
7.4773000000000005
7.5021
7.526
7.516399999999999
7.4940999999999995
7.470499999999999
7.463800000000001
7.4901
7.501600000000001
7.511599999999999
7.5287000000000015
7.5175
7.493300000000001
7.4853
7.5062
7.4956
7.508599999999999
7.5248
7.530500000000001
7.5474999999999985
7.5466
7.5252
7.507300000000002
7.456599999999998
7.397399999999999
7.3949
7.4193999999999996
7.448300000000001
7.4640999999999975
7.4779
7.4742
7.551699999999999
7.5144
7.490200000000001
7.4743
7.4681999999999995
7.465599999999999
7.470899999999999
7.484400000000001
7.4905
7.481600000000001
7.473900000000001
7.4654
7.4534
7.4447
7.433700000000003
7.4251
7.4182
7.405399999999999
7.3978
7.403999999999999
7.4108
7.4303
7.447899999999999
7.478900000000001
7.501600000000001
7.519399999999998
7.527100000000001
7.549999999999999
7.5356
7.5
7.4786
7.4662000000000015
7.470699999999999
7.4815
7.485400000000001
7.4864
7.466800000000001
7.467100000000001
7.476
7.4839
7.4945
7.498099999999999
7.505799999999999
7.509699999999999
7.498799999999999
7.494400000000001
7.491899999999999
7.493900000000001
7.4898000000000025
7.499199999999999
7.538000000000002
7.592600000000002
7.5714
7.5576
7.534200000000001
7.5223
7.5034
7.5007
7.476899999999998
7.4708000000000006
7.456100000000001
7.4358
7.431300000000001
7.410700000000002
7.402199999999999
7.3929
7.3915
7.390299999999999
7.4007
7.409199999999999
7.4247000000000005
7.4380999999999995
7.4596
7.475100000000001
7.474200000000001
7.487
7.500000000000001
7.517299999999999
7.528199999999999
7.5440000000000005
7.532300000000003
7.5116
7.5102
7.521600000000001
7.5201
7.5143
7.497800000000001
7.480000000000001
7.4732
7.4491000000000005
7.4172
7.357199999999999
7.348699999999999
7.343700000000001
7.339600000000001
7.3482
7.345600000000001
7.3461
7.3403
7.339599999999999
7.399499999999998
7.419799999999998
7.4077
7.413100000000001
7.413499999999998
7.412099999999998
7.4231
7.435100000000001
7.446400000000002
7.4649
7.4784000000000015
7.505599999999999
7.520199999999999
7.5153
7.5196
7.5307
7.5142
7.5036999999999985
7.5073
7.4983
7.4834000000000005
7.473900000000001
7.482099999999999
7.487
7.495999999999999
7.4975
7.4725
7.446799999999999
7.405
7.366899999999999
7.330399999999998
7.3043
7.274000000000001
7.2506
7.2258
7.214100000000001
7.215400000000001
7.2248
7.227399999999999
7.244
7.2559
7.2745
7.2878
7.320500000000001
7.3858
7.430699999999999
7.457999999999999
7.489299999999999
7.517199999999999
7.5401
7.640699999999999
7.63
7.617800000000001
7.601399999999999
7.589200000000001
7.570400000000002
7.551400000000004
7.535999999999999
7.5228
7.499499999999999
7.4901
7.4725
7.441
7.429299999999999
7.407100000000001
7.4008
7.3892999999999995
7.380000000000001
7.3634
7.363800000000001
7.3498
7.338600000000001
7.3305
7.322599999999998
7.320199999999999
7.323099999999999
7.321000000000001
7.328700000000001
7.332800000000001
7.331900000000001
7.3309000000000015
7.336900000000002
7.343
7.3584
7.373399999999999
7.3843
7.3889999999999985
7.4013
7.417099999999998
7.434100000000001
7.465699999999999
7.5172
7.521599999999999
7.532199999999998
7.535100000000001
7.528699999999999
7.531000000000001
7.5268999999999995
7.5143
7.5154
7.529399999999999
7.563199999999999
7.496500000000001
7.441799999999998
7.3954
7.332699999999999
7.280099999999999
7.2376
7.2025
7.173200000000001
7.1743
7.160300000000001
7.1662
7.180300000000001
7.194899999999999
7.2016
7.2323
7.2597000000000005
7.278099999999999
7.3099
7.3965999999999985
7.423100000000001
8.891700000000004
9.973400000000002
9.9627
9.937900000000003
9.920399999999999
9.8561
9.77
9.6281
9.4508
9.2282
8.988000000000001
8.734900000000001
8.4984
8.276399999999999
8.0517
7.8519
7.691300000000001
7.5613
7.457499999999999
7.382100000000001
7.3334
7.313999999999998
7.3286
7.5296
7.653899999999998
7.681899999999998
7.639200000000001
7.550200000000001
7.462999999999999
7.390300000000001
7.330699999999998
7.4477
7.563100000000002
7.6309000000000005
7.673599999999998
7.6491
7.5835
7.416799999999999
7.231100000000001
7.2076
7.214000000000001
7.2509999999999994
7.302099999999999
7.4638
7.708100000000001
7.7686
7.755
7.694899999999999
7.610899999999999
7.514399999999999
7.2779
7.2691
7.365
7.369200000000001
7.396800000000001
7.420800000000001
7.4535
7.5037
7.5638999999999985
7.6288
7.6465
7.6174
7.5516
7.4830000000000005
7.4182999999999995
7.3675999999999995
7.347
7.371999999999999
7.412600000000001
7.4685000000000015
7.528500000000001
7.593500000000001
7.710800000000001
7.734400000000001
7.6758999999999995
7.610700000000001
7.536500000000001
7.466199999999999
7.3872
7.3115
7.288
7.3561999999999985
7.419100000000001
7.4875
7.560999999999999
7.6275
7.6678999999999995
7.5
7.447700000000001
7.446400000000001
7.451199999999999
7.431400000000001
7.521300000000001
7.7723
7.850599999999999
7.875899999999999
7.8646
7.836800000000002
7.7287
7.551599999999999
7.542399999999999
7.529199999999999
7.538399999999999
7.6286000000000005
7.601200000000001
7.575999999999999
7.543499999999999
7.504300000000001
7.4857000000000005
7.470200000000001
7.4902
7.550500000000002
7.585400000000001
7.583100000000001
7.556699999999998
7.528799999999999
7.4998000000000005
7.4764
7.4716
7.4993
7.555700000000001
7.7924
7.8065999999999995
7.757300000000002
7.689499999999999
7.610499999999998
7.5394000000000005
7.4809
7.4277
7.443199999999999
7.497999999999999
7.550600000000002
7.596800000000001
7.642999999999998
7.570200000000001
7.495699999999999
7.477799999999999
7.4712
7.491599999999998
7.6057999999999995
7.773699999999999
7.764600000000001
7.721
7.652000000000002
7.5922
7.460400000000001
7.385
7.3926
7.4319
7.4845
7.550600000000002
7.728000000000001
7.7144
7.6498
7.595600000000001
7.560999999999999
7.5297
7.514199999999999
7.531699999999998
7.539699999999999
7.5253
7.464700000000001
7.4468000000000005
7.470599999999999
7.5053
7.546899999999999
7.5653999999999995
7.599799999999999
7.5953
7.571300000000001
7.541899999999998
7.5224
7.4945
7.461000000000001
7.4905
7.540599999999999
7.559499999999999
7.568200000000001
7.5638
7.5459
7.5127999999999995
7.5112
7.5415
7.5815
7.6041
7.597800000000001
7.602799999999999
7.465199999999999
7.437799999999999
7.4541
7.5
7.547299999999999
7.598700000000001
7.5594
7.5466999999999995
7.528599999999999
7.5203
7.492700000000001
7.452400000000001
7.4742
7.496000000000001
7.5181
7.527599999999999
7.605599999999999
7.6149000000000004
7.5855000000000015
7.554199999999998
7.518900000000001
7.485300000000002
7.479799999999999
7.5077
7.551699999999999
7.575300000000001
7.5728
7.55
7.5163
7.4958
7.495000000000001
7.496
7.494000000000001
7.523
7.539
7.531899999999999
7.513199999999999
7.4966
7.4807
7.466400000000001
7.461000000000001
7.5473
7.675199999999998
7.6720999999999995
7.671000000000001
7.658399999999999
7.628000000000001
7.555299999999999
7.453199999999999
7.441300000000001
7.462300000000002
7.5
7.5308
7.7095
7.726800000000001
7.706400000000001
7.679399999999999
7.658599999999999
7.599600000000001
7.4921999999999995
7.519999999999999
7.558500000000001
7.5686
7.5717
7.5563
7.528799999999999
7.510999999999999
7.490899999999999
7.4780999999999995
7.4752
7.478199999999999
7.5049
7.5081
7.515600000000001
7.5268999999999995
7.5406
7.557700000000002
7.5561
7.541
7.538
7.5624
7.5898
7.5924000000000005
7.597000000000003
7.588499999999999
7.4089
7.279300000000001
7.209799999999999
7.169699999999999
7.1722
7.210699999999999
7.284899999999999
7.4618
7.848499999999999
7.9152
7.952000000000001
7.9655
7.967500000000001
7.937799999999999
7.857
7.818399999999998
7.7391000000000005
7.6381
7.528200000000001
7.3996
7.171800000000001
7.212899999999999
7.260000000000002
7.3234
7.3942
7.552600000000001
7.8639
7.929000000000001
7.979100000000001
8.0194
8.065100000000001
8.133
8.1967
8.155899999999999
8.0767
7.9516
7.887500000000002
7.758299999999999
7.5552
7.361199999999999
7.219799999999999
7.1637
7.175200000000001
7.2299
7.301199999999999
7.393
7.4875
7.7868
7.904100000000001
7.910899999999999
7.9143
7.886800000000001
7.8579
7.7818
7.694
7.539800000000001
7.258200000000003
7.2422
7.246700000000001
7.284000000000001
7.327600000000001
7.3706
7.5207999999999995
7.676800000000001
7.7148
7.7397
7.757099999999999
7.7363
7.426900000000001
7.398
7.39
7.4045999999999985
7.427300000000002
7.556699999999999
7.6634
7.6885
7.703100000000001
7.688999999999998
7.665400000000002
7.574799999999998
7.526700000000001
7.4877
7.456900000000001
7.444800000000002
7.437399999999999
7.442800000000002
7.4639
7.4786
7.497999999999999
7.5176
7.5258
7.5187
7.5067
7.479499999999999
7.4626
7.4694
7.4788
7.4918000000000005
7.491499999999999
7.487600000000001
7.535199999999999
7.561800000000002
7.561300000000001
7.5591
7.5396
7.516
7.503999999999999
7.503499999999999
7.521999999999999
7.546
7.5671
7.579400000000001
7.579999999999999
7.536499999999998
7.5238
7.5142
7.5109
7.5108999999999995
7.5013999999999985
7.481100000000001
7.4828
7.478000000000001
7.468000000000001
7.458300000000001
7.473499999999999
7.5703000000000005
7.587000000000001
7.598600000000002
7.595200000000001
7.5851
7.5818
7.559099999999998
7.535699999999999
7.513499999999999
7.492399999999999
7.4761
7.472900000000001
7.4698
7.4775
7.4829
7.4857
7.496000000000001
7.5097000000000005
7.523599999999999
7.522200000000001
7.5059
7.514000000000001
7.500200000000001
7.4976
7.491500000000001
7.5005
7.534299999999999
7.5707
7.5838
7.5807
7.568599999999999
7.5497000000000005
7.527
7.4990000000000006
7.4919
7.503900000000001
7.5153
7.521600000000001
7.5367999999999995
7.5223
7.4506999999999985
7.442900000000002
7.4385
7.4349
7.4412
7.440399999999999
7.4724
7.497000000000001
7.494400000000001
7.495
7.494200000000001
7.494000000000001
7.484400000000001
7.4754
7.486699999999998
7.5497000000000005
7.510800000000001
7.4910000000000005
7.4708000000000006
7.4577
7.439299999999999
7.428100000000001
7.426799999999999
7.429399999999999
7.436699999999999
7.423900000000001
7.4399
7.443300000000002
7.4547
7.456600000000001
7.4665
7.4775
7.484000000000001
7.5023
7.5191
7.5657999999999985
7.571799999999999
7.5596000000000005
7.554399999999999
7.5483
7.5355
7.530799999999999
7.501900000000001
7.4896
7.493200000000001
7.4963000000000015
7.499100000000001
7.505699999999999
7.5158
7.513199999999999
7.5014
7.487100000000001
7.481800000000002
7.476400000000001
7.4977
7.506900000000001
7.510700000000001
7.515399999999999
7.512499999999999
7.51
7.499199999999999
7.5021
7.5161
7.5241999999999996
7.5323
7.550100000000001
7.576399999999999
7.552999999999998
7.519500000000001
7.517299999999999
7.493399999999999
7.4998000000000005
7.498399999999999
7.490799999999998
7.4963000000000015
7.487400000000001
7.4852
7.4828
7.479200000000002
7.478500000000001
7.477799999999999
7.480900000000002
7.4858
7.494199999999999
7.497000000000001
7.5115
7.5165999999999995
7.507600000000001
7.5036000000000005
7.5037
7.500899999999999
7.4986
9.421
7.513899999999999
7.5055
7.505799999999999
7.502000000000001
7.495400000000002
7.5051
7.503400000000002
7.479600000000002
7.492199999999998
7.486600000000001
7.4859
7.4922
7.490799999999999
7.4963
7.5466999999999995
7.5489999999999995
7.549399999999999
7.553399999999999
7.555899999999999
7.5504
7.551799999999999
7.616699999999998
7.615199999999999
7.5706999999999995
7.5423
7.5328
7.5297
7.540199999999999
7.539900000000001
7.534599999999998
7.525
7.5201
7.5410999999999975
7.5592
7.570499999999999
7.560500000000001
7.5652
7.5801
7.572100000000002
7.586
7.6139
7.619300000000001
7.625299999999999
7.6476
7.6625
7.6612
7.645600000000001
7.6347000000000005
7.629000000000001
7.629
7.6224
7.6261
7.6286000000000005
7.6213
7.6126
7.612
7.5988
7.594499999999999
7.558900000000002
7.550700000000001
7.550300000000001
7.5446
7.535899999999999
7.5153
7.5021
7.489699999999999
7.4819
7.4700999999999995
7.465199999999999
7.391900000000001
7.380600000000002
7.3777
7.3943
7.466900000000002
7.423800000000001
7.4002
7.395500000000001
7.380599999999999
7.3889
7.354600000000001
7.319399999999999
7.349300000000002
7.3153
7.305299999999997
7.273299999999999
7.263199999999999
7.257900000000001
7.266800000000001
7.2882
7.316399999999999
7.351700000000001
7.392400000000001
7.505700000000001
7.6968000000000005
7.749499999999999
7.781099999999999
7.8023
7.7937
7.774399999999998
7.7652
9.773599999999998
7.634000000000001
7.612
7.6018
7.5856
7.583499999999999
7.565100000000001
7.5257
7.48
7.488800000000001
7.4924
7.510599999999999
7.525799999999999
7.5488
7.617199999999998
7.662999999999999
7.640499999999999
7.596300000000001
7.598299999999998
7.6102
7.624300000000002
7.6446
7.735
7.7252
7.7186
7.704199999999998
7.706299999999999
7.710400000000001
7.7025
7.6937
7.6893
7.681900000000001
7.667199999999999
7.654899999999999
7.6401
7.6327
7.6184
7.6145000000000005
7.613799999999999
7.628400000000002
7.637699999999999
7.6382
7.640899999999999
7.6436
7.6372
7.621899999999999
7.6097
7.607500000000001
7.597499999999999
7.5741000000000005
7.568199999999999
7.570299999999998
7.577100000000001
7.589799999999999
7.5894
7.6029
7.6186
7.610000000000001
7.597099999999999
7.5994
7.589300000000001
7.5808
7.538499999999999
7.537399999999998
7.5289
7.5299999999999985
7.5413999999999985
7.589699999999999
7.6777999999999995
7.691400000000001
7.691200000000001
7.6880999999999995
7.686600000000001
8.330300000000001
9.080099999999998
11.188800000000004
11.169400000000003
11.139400000000002
11.110600000000002
11.085399999999995
10.505200000000002
9.821799999999998
9.854
9.326400000000001
9.743
9.6789
10.1569
10.9378
10.809800000000001
10.899700000000005
10.9993
10.988499999999998
10.962400000000004
10.948
10.911200000000001
10.893600000000001
10.878800000000004
10.849899999999998
10.838299999999998
10.804999999999998
10.7821
10.753900000000002
10.727
10.7026
10.683300000000004
10.662100000000002
10.637300000000005
10.612799999999998
10.569799999999997
10.5338
10.510900000000001
10.468700000000002
10.4411
10.4067
10.3726
10.341299999999999
10.2983
10.269400000000001
10.230899999999998
10.184
10.1507
10.1092
10.073
10.023700000000002
9.9867
10.032799999999998
10.020199999999999
9.974300000000001
9.9085
9.860199999999999
9.822000000000001
9.7803
9.732800000000001
9.685599999999999
9.627500000000001
9.5786
9.5188
9.471499999999999
9.4111
9.341499999999998
9.2705
9.1958
9.117700000000001
9.038800000000002
8.947299999999998
8.8648
8.771600000000001
8.6786
8.5889
8.511600000000001
8.4444
8.382299999999999
8.3213
8.2573
8.194499999999998
8.122799999999998
8.0635
8.002699999999999
7.952600000000001
7.8881000000000006
7.8505
7.816000000000002
7.780399999999999
7.741100000000001
7.718799999999999
7.680499999999999
7.649299999999999
7.631100000000001
7.5877
7.564699999999999
7.545599999999999
7.499099999999999
7.466799999999998
7.4442
7.395499999999999
7.483900000000001
7.5018
7.481200000000001
7.462300000000002
7.45
7.445600000000001
7.441600000000001
7.434600000000001
7.455700000000002
7.4583
7.480800000000001
7.488800000000001
7.507099999999999
7.525199999999999
7.548599999999999
7.572800000000001
7.5711
7.5827
7.5998
7.601600000000001
7.616200000000001
7.6213000000000015
7.6233
7.637499999999999
7.6442000000000005
7.645300000000001
7.641900000000001
7.646600000000001
7.6547
7.649800000000002
7.6502
7.6461999999999986
7.639599999999999
7.631299999999999
7.623200000000001
7.610200000000001
7.586899999999999
7.573999999999999
7.562700000000001
7.555399999999999
7.5554
7.539199999999998
7.5326999999999975
7.532900000000001
7.5325
7.529300000000001
7.5153
7.516699999999999
7.5191
7.517700000000002
7.5976
7.6047
7.587899999999999
7.572900000000001
7.5487
7.553999999999999
7.5393
7.5301
7.5374
7.5348000000000015
7.5318
7.5512
7.5463
7.541600000000001
7.543399999999999
7.549699999999999
7.539700000000002
7.5307
7.531400000000001
7.522500000000001
7.524899999999998
7.505700000000002
7.498699999999999
7.4861
7.492099999999999
7.4879999999999995
7.4878
7.4905
7.4986
7.515699999999999
7.521
7.5221
7.534199999999999
7.5448
7.563399999999999
7.573899999999998
7.591899999999999
7.5986
7.619200000000002
7.634100000000001
7.6345
7.647499999999999
7.643799999999999
7.6633
7.6633000000000004
7.6583
7.6541
7.655899999999999
7.6401
7.635700000000001
7.713800000000001
7.716800000000001
7.692500000000001
7.6725
7.6579
7.627199999999999
7.607499999999998
7.5922
7.5630999999999995
7.553600000000001
7.5295
7.509000000000001
7.4847
7.4678
7.464500000000002
7.475399999999999
7.467299999999999
7.4716000000000005
7.4895000000000005
7.498800000000001
7.5045
7.517199999999999
7.5438
7.5535000000000005
7.5947000000000005
7.6037
7.617900000000002
7.635
7.6585
7.6837
7.6998
7.724200000000001
7.733300000000001
7.7376
7.7356
7.716799999999999
7.683499999999998
7.645500000000001
7.603799999999999
7.559200000000001
7.525399999999999
7.4941
7.483200000000002
7.472499999999999
7.4587
7.473500000000001
7.4658000000000015
7.4764
7.492999999999999
7.522300000000001
7.609399999999998
7.633399999999999
7.6110000000000015
7.608900000000001
7.599200000000001
7.5817
7.5848
7.5725999999999996
7.566999999999999
7.561699999999998
7.556400000000002
7.5416
7.519299999999999
7.5120000000000005
7.5087
7.506099999999999
7.499599999999999
7.484500000000001
7.481900000000001
7.4853
7.4849
7.4881
7.4857000000000005
7.489000000000001
7.4957
7.500400000000001
7.504
7.507699999999999
7.4193999999999996
7.419099999999999
7.4102
7.421199999999999
7.443900000000001
7.451000000000001
7.4709
7.4911
7.517300000000001
7.5333
7.547900000000002
7.4632
7.599100000000001
7.5724
7.5679
7.6524
7.746600000000001
7.759799999999998
7.779400000000001
7.7835
7.7874
7.785
7.8672
7.8852
7.854400000000001
7.840399999999999
7.8269
7.8139
7.810499999999999
7.8092000000000015
7.801199999999999
7.7982000000000005
7.790100000000001
7.779000000000001
7.7781
7.788099999999999
7.775300000000002
7.7677
7.7681000000000004
7.772299999999998
7.766499999999999
7.765699999999999
7.749199999999999
7.7436
7.736300000000001
7.724199999999999
7.707800000000001
7.7087
7.708100000000001
7.7111
7.689799999999999
7.6749
7.671199999999999
7.671799999999999
7.663999999999999
7.6588
7.6622
7.647500000000001
7.6464
7.6370000000000005
7.638300000000002
7.6311
7.6167
7.6119
7.603900000000001
7.5986
7.596099999999999
7.586299999999999
7.590500000000002
7.587900000000001
7.582999999999999
7.578200000000001
7.6632
7.668399999999998
7.6461999999999986
7.6249
7.6106
7.596299999999998
7.589099999999999
7.5813999999999995
7.582000000000001
7.572400000000001
7.566599999999998
7.572500000000002
7.574099999999999
7.556700000000001
7.560100000000001
7.541599999999999
7.5341999999999985
7.535100000000001
7.5357
7.5329
7.5388
7.540199999999999
7.5386000000000015
7.541999999999999
7.5385
7.5355
7.5377
7.5498
7.543000000000001
7.558299999999999
7.556099999999999
7.562399999999999
7.564499999999999
7.564000000000001
7.565499999999998
7.570099999999999
7.565600000000002
7.5706
7.567199999999999
7.565399999999999
7.570000000000001
7.5434
7.5401
7.5433
7.538
7.5443999999999996
7.540600000000001
7.544100000000001
7.535000000000001
7.5252
7.597500000000001
7.6076000000000015
7.591900000000001
7.564199999999999
7.5486
7.5306
7.506199999999999
7.501000000000001
7.5049
7.505100000000001
7.5046
7.525300000000002
7.526900000000001
7.536599999999998
7.547399999999999
7.5462
7.556099999999999
7.553299999999999
7.557499999999999
7.559499999999999
7.556300000000001
7.572799999999998
7.582699999999999
7.564400000000002
7.5718000000000005
7.5764999999999985
7.575900000000001
7.583700000000001
7.5787
7.592900000000001
7.587700000000001
7.593900000000001
7.599599999999999
7.5974
7.5977
7.602
7.605600000000001
7.599200000000001
7.5975
7.609899999999998
7.5903
7.593799999999999
7.576999999999999
7.575799999999999
7.5623000000000005
7.5523
7.537099999999998
7.521200000000001
7.533700000000001
7.526800000000001
7.605599999999999
7.620500000000001
7.6065000000000005
7.5889
7.5844
7.579800000000001
7.569900000000001
7.5735
7.5695
7.5689
7.572599999999999
7.574900000000001
7.5685
7.576100000000001
7.591899999999999
7.594000000000001
7.591600000000001
7.6065
7.611400000000001
7.6277
7.616599999999998
7.615500000000002
7.6276
7.6259999999999994
7.6235
7.627299999999999
7.615199999999999
7.607199999999998
7.6054
7.593399999999999
7.575899999999999
7.564299999999999
7.5474
7.517
7.507900000000001
7.4956
7.493099999999998
7.493700000000001
7.4955
7.5169
7.519399999999999
7.536799999999999
7.553299999999999
7.5608
7.5703000000000005
7.574400000000001
7.569299999999999
7.5749
7.590799999999999
7.590199999999999
7.675200000000001
7.686600000000001
7.6690000000000005
7.6507
7.625299999999999
7.617100000000001
7.607499999999999
7.5913
7.581499999999998
7.5689
7.559499999999999
7.547999999999999
7.5424
7.5457
7.526699999999998
7.517799999999999
7.499600000000002
7.4788000000000014
7.469799999999999
7.470200000000001
7.461900000000001
7.4651
7.4704000000000015
7.4858
7.5094
7.524999999999999
7.5531
7.571300000000003
7.5962
7.6226
7.6517
7.676300000000001
7.690899999999999
7.7123
7.727
7.7433
7.7598
7.765699999999999
7.7602
7.7473
7.700699999999999
7.646500000000002
7.605
7.560600000000001
7.5209
7.5048
7.5
7.499299999999998
7.507200000000001
7.499099999999999
7.581600000000001
7.593600000000001
7.581099999999999
7.5544
7.554899999999998
7.5470000000000015
7.5455
7.558099999999999
7.561
7.5675
7.5531
7.5448
7.5297
7.5314999999999985
7.523900000000001
7.514499999999999
7.511300000000001
7.499200000000001
7.498099999999998
7.498100000000002
7.5077000000000025
7.523400000000001
7.527500000000001
7.548299999999999
7.564100000000002
7.594200000000002
7.598499999999999
7.6152999999999995
7.6366000000000005
7.663899999999999
7.696000000000001
7.718299999999999
7.744799999999998
7.776400000000001
7.8100999999999985
7.847599999999999
7.8824000000000005
7.9163999999999985
7.9403
7.9787
8.021199999999999
8.0451
8.083899999999998
8.1169
8.151200000000001
8.189100000000002
8.219500000000004
8.2571
8.2926
8.326299999999998
8.425600000000001
8.469600000000002
8.471
8.4855
8.4832
8.4964
8.517999999999999
8.542399999999997
8.5634
8.5976
8.6221
8.654300000000001
8.683700000000002
8.7095
8.736
8.7676
8.803199999999999
8.810699999999999
8.847100000000001
8.8625
8.8853
8.923900000000001
8.939700000000002
8.9678
8.9925
9.0122
9.0404
9.0655
9.078299999999999
9.1031
9.1274
9.1408
9.1693
9.181300000000002
9.216000000000001
9.2309
9.2555
9.2552
9.249600000000001
9.217000000000002
9.209100000000001
9.205099999999998
9.187199999999997
9.175600000000001
9.163999999999998
9.1713
9.149499999999998
9.1481
9.1339
9.1279
9.183
9.1982
9.172200000000002
9.154200000000001
9.13
9.1163
9.1088
9.092
9.0707
9.0671
9.0641
9.0537
9.072499999999998
9.097727272727273
