9.750600000000002
9.977400000000003
9.9487
9.9346
9.906799999999999
9.829
9.7256
9.5693
9.379399999999999
9.1519
8.901699999999998
8.6519
8.4241
8.1974
7.981100000000001
7.794300000000001
7.640900000000001
7.522600000000001
7.4308
7.3646
7.320599999999997
7.313800000000001
7.3554
7.6101
7.673399999999999
7.6728
7.612
7.516800000000002
7.4379
7.365199999999999
7.3308
7.516900000000001
7.587999999999999
7.650799999999999
7.673699999999999
7.627700000000001
7.5531999999999995
7.320800000000002
7.2209
7.208100000000002
7.224000000000001
7.2653
7.325099999999999
7.5785
7.732099999999999
7.7741999999999996
7.739000000000001
7.6644000000000005
7.578199999999999
7.446999999999999
7.2477
7.3058
7.368400000000001
7.375899999999999
7.402799999999998
7.432100000000002
7.4681999999999995
7.527099999999999
7.5824
7.641400000000001
7.643199999999999
7.593700000000001
7.5311
7.460999999999999
7.3985
7.3579
7.347899999999999
7.386
7.4314
7.485400000000001
7.550599999999999
7.615999999999999
7.7485
7.716900000000001
7.656100000000001
7.585799999999999
7.514600000000001
7.438
7.3601
7.29
7.310500000000001
7.376299999999999
7.443599999999999
7.511199999999998
7.5845
7.650600000000002
7.6185
7.474899999999999
7.443699999999999
7.4475999999999996
7.443200000000001
7.4418
7.6178
7.8054
7.8618
7.879599999999999
7.853300000000002
7.8260000000000005
7.641699999999999
7.548299999999999
7.5379000000000005
7.524399999999999
7.576199999999999
7.621200000000001
7.5959
7.561699999999999
7.5329
7.4957
7.4764
7.4747
7.505699999999999
7.5703000000000005
7.588700000000001
7.5735
7.5459
7.518399999999999
7.490400000000002
7.4726
7.480300000000001
7.512799999999999
7.6237
7.820499999999999
7.7959000000000005
7.7351
7.6621999999999995
7.5817
7.519000000000001
7.463700000000001
7.4216
7.4601
7.519
7.565499999999999
7.6144
7.6495999999999995
7.519400000000001
7.4910000000000005
7.47
7.4757
7.5087
7.6911999999999985
7.7703
7.754200000000001
7.6987999999999985
7.6278
7.575399999999999
7.4038
7.382700000000001
7.405199999999999
7.4479999999999995
7.506099999999999
7.596999999999998
7.751600000000001
7.6918999999999995
7.6296
7.582799999999999
7.550499999999999
7.5207
7.516899999999998
7.5383
7.538900000000001
7.5124
7.4418
7.455700000000002
7.4814
7.5209
7.555599999999998
7.572100000000001
7.606200000000001
7.585900000000001
7.5649
7.5369
7.509100000000001
7.485399999999999
7.455500000000001
7.5152
7.549100000000001
7.5647
7.5662
7.5623000000000005
7.534699999999999
7.5059000000000005
7.518900000000001
7.554900000000001
7.594200000000001
7.6032
7.598500000000001
7.565100000000002
7.447100000000001
7.437600000000001
7.4704
7.5139999999999985
7.5642
7.5954000000000015
7.5523
7.5405999999999995
7.5258
7.512799999999999
7.472800000000001
7.4636000000000005
7.477399999999999
7.504999999999999
7.5215999999999985
7.534400000000001
7.6355
7.602399999999999
7.5745000000000005
7.5427
7.507999999999999
7.4799
7.484299999999999
7.522099999999998
7.563400000000001
7.5790999999999995
7.566800000000001
7.537300000000001
7.507999999999999
7.4933000000000005
7.498099999999999
7.4910000000000005
7.5032
7.531599999999998
7.538099999999998
7.5268
7.5053
7.4914
7.4755
7.464200000000001
7.4585
7.6195
7.6789
7.669
7.6689
7.649799999999999
7.6168000000000005
7.508500000000001
7.4448
7.447
7.471499999999999
7.510099999999999
7.5837
7.729100000000001
7.722200000000002
7.697199999999998
7.671099999999999
7.647200000000001
7.5489
7.500899999999999
7.5338
7.5642
7.5709
7.5689
7.548300000000001
7.5209
7.503399999999999
7.4898
7.471700000000001
7.476300000000001
7.486400000000001
7.509599999999999
7.506199999999999
7.520599999999999
7.532300000000001
7.546500000000001
7.5579
7.554800000000001
7.535899999999999
7.541899999999999
7.5752
7.592600000000001
7.594200000000001
7.5926
7.5714999999999995
7.3313999999999995
7.2526
7.1925
7.163700000000001
7.1794
7.238099999999999
7.3082
7.627100000000001
7.875699999999999
7.932500000000002
7.9568
7.967399999999999
7.967599999999999
7.9028
7.847400000000001
7.7949
7.7059000000000015
7.6021
7.493900000000001
7.295299999999998
7.1832
7.2308
7.2776999999999985
7.346700000000002
7.4233
7.6847
7.889399999999999
7.9479
7.9891
8.037899999999997
8.076199999999998
8.1747
8.183
8.140400000000001
8.0289
7.9283
7.8538999999999985
7.694599999999999
7.4828
7.3088
7.192499999999999
7.157400000000001
7.188800000000001
7.2543999999999995
7.3338
7.422600000000001
7.530500000000001
7.895599999999999
7.9052
7.915699999999999
7.904000000000001
7.883100000000001
7.833600000000001
7.7483
7.678899999999999
7.403599999999999
7.251300000000001
7.240799999999999
7.2582
7.296999999999998
7.3435000000000015
7.3836
7.610100000000001
7.694100000000001
7.723200000000002
7.747199999999999
7.758000000000001
7.6278999999999995
7.4148000000000005
7.394
7.3905
7.4117
7.435100000000001
7.6304
7.674100000000001
7.694
7.7029
7.677
7.648999999999998
7.548799999999999
7.512099999999999
7.4765999999999995
7.450400000000001
7.442099999999998
7.4352
7.452699999999998
7.466600000000001
7.484900000000001
7.5072
7.5203999999999995
7.5238999999999985
7.5174
7.4975
7.472599999999999
7.4597000000000016
7.474100000000001
7.485499999999999
7.4906
7.491700000000001
7.4899000000000004
7.5562000000000005
7.560999999999999
7.5632
7.557599999999999
7.5268
7.5105
7.501100000000001
7.5097000000000005
7.5305
7.5537
7.5731
7.5795
7.572899999999999
7.527399999999999
7.5192999999999985
7.512099999999999
7.510399999999999
7.5093
7.493100000000001
7.4828
7.481600000000001
7.4738999999999995
7.465100000000002
7.456500000000001
7.509600000000002
7.576100000000001
7.5927999999999995
7.5991
7.590199999999999
7.584300000000001
7.5744
7.5505
7.53
7.504099999999999
7.488199999999999
7.4754
7.471300000000001
7.4705
7.4807
7.481800000000002
7.491700000000001
7.5005999999999995
7.513999999999999
7.526699999999998
7.508399999999998
7.513700000000001
7.5089
7.501300000000001
7.494
7.4922
7.5049
7.5543
7.574199999999999
7.5875
7.575200000000001
7.565899999999999
7.542500000000001
7.513900000000001
7.4925
7.498099999999999
7.506499999999999
7.517599999999999
7.529400000000001
7.534599999999999
7.4965
7.447100000000001
7.4399
7.4357
7.4376999999999995
7.4395999999999995
7.446200000000001
7.4902
7.4933000000000005
7.4955
7.494800000000001
7.495
7.4919
7.4775
7.478000000000001
7.515599999999999
7.5372
7.5015
7.485600000000001
7.4632
7.4514
7.435699999999998
7.426799999999999
7.427199999999999
7.431699999999999
7.4343
7.426399999999998
7.4419
7.4462
7.4573
7.460500000000001
7.467000000000001
7.4793
7.4906
7.508300000000002
7.535199999999999
7.571200000000001
7.564499999999999
7.560399999999999
7.553300000000002
7.542999999999999
7.534
7.523499999999999
7.4949
7.4936
7.4908
7.495400000000001
7.504099999999999
7.5042
7.5198
7.5108
7.494800000000001
7.4849
7.48
7.4762
7.5067
7.508100000000001
7.5139
7.514600000000001
7.5102
7.505600000000002
7.5
7.506099999999999
7.519599999999998
7.5287
7.534699999999998
7.565399999999999
7.568199999999999
7.543899999999999
7.518199999999999
7.503800000000001
7.4986
7.495899999999999
7.499100000000001
7.4917
7.4929
7.4875
7.484500000000001
7.4798
7.478500000000001
7.477900000000001
7.480199999999999
7.4797
7.490400000000001
7.495399999999998
7.500299999999999
7.519000000000001
7.510699999999999
7.506799999999999
7.501400000000001
7.5044
7.498499999999999
7.501500000000001
9.423100000000002
7.514399999999999
7.502599999999998
7.505699999999999
7.5001
7.497999999999999
7.504499999999999
7.494899999999999
7.4857000000000005
7.489000000000001
7.4825
7.493399999999999
7.4901
7.490600000000001
7.5162
7.5477
7.5476
7.549499999999999
7.556199999999999
7.552899999999999
7.5514
7.557
7.6377999999999995
7.6025
7.5552
7.540299999999999
7.5298
7.532199999999998
7.5428999999999995
7.5367
7.532099999999999
7.5208
7.5207
7.5561
7.5591
7.5733
7.554999999999999
7.5776
7.573899999999998
7.5719
7.597900000000001
7.623500000000002
7.612500000000001
7.6325
7.656000000000001
7.665700000000002
7.6549000000000005
7.638999999999999
7.635999999999999
7.629200000000002
7.6249
7.6224
7.6282000000000005
7.627500000000001
7.618399999999999
7.610500000000001
7.608100000000002
7.598299999999998
7.587399999999999
7.5516
7.546899999999999
7.5487
7.5436999999999985
7.5325999999999995
7.5059000000000005
7.5023
7.4841
7.478300000000002
7.467500000000001
7.448600000000002
7.3805
7.377999999999999
7.3804
7.4267
7.456900000000001
7.4087999999999985
7.396600000000001
7.391200000000001
7.3814
7.391900000000001
7.330900000000001
7.3327
7.332800000000001
7.3146
7.2951
7.267300000000001
7.261099999999999
7.2588
7.2728
7.2983
7.326199999999999
7.364000000000001
7.4048
7.596499999999999
7.714700000000001
7.763899999999999
7.787699999999997
7.8013
7.7886
7.7702
9.853700000000002
7.6485
7.621899999999999
7.6075
7.5950000000000015
7.585100000000001
7.5815
7.5549
7.501900000000001
7.4818999999999996
7.4883000000000015
7.5024
7.514199999999999
7.5316
7.559500000000002
7.650099999999998
7.656499999999999
7.625299999999999
7.594200000000001
7.6027
7.6126999999999985
7.6298
7.677
7.732000000000002
7.723700000000003
7.7158999999999995
7.7062
7.7056000000000004
7.707700000000001
7.703400000000001
7.689399999999999
7.6838
7.6808000000000005
7.661099999999999
7.6525
7.6354999999999995
7.629099999999999
7.615200000000001
7.613300000000001
7.618099999999999
7.6328
7.638599999999999
7.6369
7.645
7.639500000000001
7.632600000000001
7.6158
7.6125
7.604299999999999
7.594399999999999
7.5651
7.5668999999999995
7.5748000000000015
7.5818
7.59
7.5898
7.6129
7.614899999999999
7.605899999999999
7.5994
7.5934
7.5920000000000005
7.563399999999999
7.534399999999998
7.533699999999999
7.531299999999999
7.531500000000001
7.5502
7.627599999999998
7.6854000000000005
7.6908
7.6906
7.690600000000001
7.813900000000001
8.4692
8.492407407407406
